A=[5.2066E-001
 5.2336E-001
 5.2067E-001
 5.2332E-001
 5.2282E-001
 5.2144E-001
 5.2301E-001
 5.2691E-001
 5.2887E-001
 5.2890E-001
 5.2733E-001
 5.2606E-001
 5.2964E-001
 5.2911E-001
 5.3008E-001
 5.3282E-001
 5.3340E-001
 5.3493E-001
 5.3541E-001
 5.3366E-001
 5.3298E-001
 5.3495E-001
 5.3526E-001
 5.3284E-001
 5.3460E-001
 5.3303E-001
 5.3634E-001
 5.3745E-001
 5.3488E-001
 5.3389E-001
 5.3264E-001
 5.3388E-001
 5.3406E-001
 5.3472E-001
 5.3572E-001
 5.3204E-001
 5.3355E-001
 5.3143E-001
 5.3519E-001
 5.3104E-001
 5.2708E-001
 5.2582E-001
 5.2623E-001
 5.2335E-001
 5.2371E-001
 5.2104E-001
 5.2180E-001
 5.1948E-001
 5.1796E-001
 5.1731E-001
 5.1421E-001
 5.1407E-001
 5.1280E-001
 5.1052E-001
 5.0808E-001
 5.0885E-001
 5.0437E-001
 5.0530E-001
 5.0084E-001
 5.0062E-001
 4.9727E-001
 4.9404E-001
 4.9403E-001
 4.9499E-001
 4.9425E-001
 4.9067E-001
 4.8819E-001
 4.8547E-001
 4.8748E-001
 4.8846E-001
 4.8575E-001
 4.8373E-001
 4.8279E-001
 4.8165E-001
 4.7753E-001
 4.7350E-001
 4.7545E-001
 4.6972E-001
 4.7285E-001
 4.6807E-001
 4.6790E-001
 4.6289E-001
 4.5904E-001
 4.6072E-001
 4.5883E-001
 4.5688E-001
 4.5632E-001
 4.5273E-001
 4.4974E-001
 4.5105E-001
 4.5106E-001
 4.4639E-001
 4.4613E-001
 4.4414E-001
 4.4136E-001
 4.4112E-001
 4.3857E-001
 4.3662E-001
 4.3521E-001
 4.3484E-001
 4.3392E-001
 4.3208E-001
 4.3208E-001
 4.3012E-001
 4.2944E-001
 4.2608E-001
 4.2489E-001
 4.2355E-001
 4.2417E-001
 4.2052E-001
 4.1970E-001
 4.1503E-001
 4.1619E-001
 4.1308E-001
 4.1288E-001
 4.1005E-001
 4.0820E-001
 4.0777E-001
 4.0611E-001
 4.0466E-001
 4.0221E-001
 4.0035E-001
 4.0014E-001
 3.9775E-001
 3.9899E-001
 3.9797E-001
 3.9178E-001
 3.9388E-001
 3.9092E-001
 3.8952E-001
 3.8642E-001
 3.8682E-001
 3.8489E-001
 3.8460E-001
 3.8377E-001
 3.8265E-001
 3.7999E-001
 3.8062E-001
 3.7773E-001
 3.7640E-001
 3.7533E-001
 3.7442E-001
 3.7342E-001
 3.7110E-001
 3.6920E-001
 3.6882E-001
 3.6708E-001
 3.6591E-001
 3.6108E-001
 3.6080E-001
 3.5852E-001
 3.5984E-001
 3.5893E-001
 3.5685E-001
 3.5350E-001
 3.5432E-001
 3.5657E-001
 3.5128E-001
 3.4979E-001
 3.4927E-001
 3.4995E-001
 3.4641E-001
 3.4363E-001
 3.4225E-001
 3.4284E-001
 3.4037E-001
 3.3877E-001
 3.3804E-001
 3.3929E-001
 3.3433E-001
 3.3378E-001
 3.3245E-001
 3.3277E-001
 3.3018E-001
 3.2757E-001
 3.2858E-001
 3.2628E-001
 3.2497E-001
 3.2533E-001
 3.2108E-001
 3.2153E-001
 3.2170E-001
 3.1957E-001
 3.1644E-001
 3.1672E-001
 3.1457E-001
 3.1450E-001
 3.1105E-001
 3.1215E-001
 3.0940E-001
 3.1257E-001
 3.0983E-001
 3.0804E-001
 3.0678E-001
 3.0321E-001
 3.0357E-001
 3.0523E-001
 3.0091E-001
 3.0088E-001
 2.9772E-001
 2.9859E-001
 2.9613E-001
 2.9519E-001
 2.9527E-001
 2.9152E-001
 2.9169E-001
 2.8942E-001
 2.8779E-001
 2.8770E-001
 2.8615E-001
 2.8533E-001
 2.8327E-001
 2.8468E-001
 2.8016E-001
 2.8293E-001
 2.8183E-001
 2.7630E-001
 2.7615E-001
 2.7622E-001
 2.7257E-001
 2.7352E-001
 2.7342E-001
 2.7369E-001
 2.7124E-001
 2.7130E-001
 2.6746E-001
 2.6777E-001
 2.6716E-001
 2.6480E-001
 2.6301E-001
 2.6332E-001
 2.6171E-001
 2.6389E-001
 2.6072E-001
 2.6030E-001
 2.5879E-001
 2.5896E-001
 2.5550E-001
 2.5558E-001
 2.5269E-001
 2.5286E-001
 2.5131E-001
 2.5242E-001
 2.5047E-001
 2.5047E-001
 2.4938E-001
 2.4571E-001
 2.4689E-001
 2.4824E-001
 2.4456E-001
 2.4191E-001
 2.4308E-001
 2.4255E-001
 2.3963E-001
 2.3876E-001
 2.3628E-001
 2.3689E-001
 2.3629E-001
 2.3465E-001
 2.3253E-001
 2.3290E-001
 2.3212E-001
 2.3524E-001
 2.3156E-001
 2.3155E-001
 2.2978E-001
 2.3005E-001
 2.2717E-001
 2.2804E-001
 2.2512E-001
 2.2397E-001
 2.2314E-001
 2.2272E-001
 2.1970E-001
 2.1838E-001
 2.1836E-001
 2.1686E-001
 2.1641E-001
 2.1779E-001
 2.1631E-001
 2.1622E-001
 2.1426E-001
 2.1399E-001
 2.1199E-001
 2.1088E-001
 2.0918E-001
 2.0934E-001
 2.0728E-001
 2.0811E-001
 2.0798E-001
 2.0501E-001
 2.0387E-001
 2.0379E-001
 2.0361E-001
 2.0241E-001
 2.0138E-001
 1.9975E-001
 1.9972E-001
 1.9889E-001
 1.9674E-001
 1.9704E-001
 1.9497E-001
 1.9548E-001
 1.9230E-001
 1.9178E-001
 1.9122E-001
 1.9070E-001
 1.9036E-001
 1.8932E-001
 1.8937E-001
 1.8554E-001
 1.8493E-001
 1.8683E-001
 1.8407E-001
 1.8419E-001
 1.8379E-001
 1.8218E-001
 1.8042E-001
 1.8112E-001
 1.7937E-001
 1.7871E-001
 1.7828E-001
 1.7829E-001
 1.7650E-001
 1.7614E-001
 1.7513E-001
 1.7443E-001
 1.7343E-001
 1.7341E-001
 1.7203E-001
 1.7045E-001
 1.7049E-001
 1.7040E-001
 1.6873E-001
 1.6787E-001
 1.6620E-001
 1.6677E-001
 1.6409E-001
 1.6374E-001
 1.6248E-001
 1.6184E-001
 1.6152E-001
 1.5942E-001
 1.5994E-001
 1.5911E-001
 1.5883E-001
 1.5851E-001
 1.5718E-001
 1.5759E-001
 1.5688E-001
 1.5417E-001
 1.5433E-001
 1.5457E-001
 1.5266E-001
 1.5242E-001
 1.5220E-001
 1.5032E-001
 1.4990E-001
 1.4929E-001
 1.4766E-001
 1.4661E-001
 1.4638E-001
 1.4479E-001
 1.4489E-001
 1.4487E-001
 1.4437E-001
 1.4447E-001
 1.4303E-001
 1.4086E-001
 1.4085E-001
 1.3854E-001
 1.3728E-001
 1.3798E-001
 1.3858E-001
 1.3639E-001
 1.3497E-001
 1.3542E-001
 1.3500E-001
 1.3396E-001
 1.3330E-001
 1.3197E-001
 1.3112E-001
 1.2969E-001
 1.2912E-001
 1.2929E-001
 1.2871E-001
 1.2860E-001
 1.2824E-001
 1.2646E-001
 1.2589E-001
 1.2455E-001
 1.2477E-001
 1.2355E-001
 1.2258E-001
 1.2159E-001
 1.2103E-001
 1.1943E-001
 1.1889E-001
 1.1842E-001
 1.1734E-001
 1.1796E-001
 1.1720E-001
 1.1662E-001
 1.1451E-001
 1.1386E-001
 1.1376E-001
 1.1198E-001
 1.1196E-001
 1.1120E-001
 1.1060E-001
 1.1073E-001
 1.0858E-001
 1.0910E-001
 1.0742E-001
 1.0695E-001
 1.0660E-001
 1.0597E-001
 1.0475E-001
 1.0349E-001
 1.0231E-001
 1.0327E-001
 1.0201E-001
 1.0221E-001
 1.0078E-001
 9.9420E-002
 9.9586E-002
 9.9258E-002
 9.8376E-002
 9.7543E-002
 9.6851E-002
 9.7199E-002
 9.5395E-002
 9.5691E-002
 9.4442E-002
 9.3765E-002
 9.4170E-002
 9.2513E-002
 9.1147E-002
 9.0005E-002
 8.9676E-002
 8.9264E-002
 8.8758E-002
 8.8233E-002
 8.7398E-002
 8.5862E-002
 8.5273E-002
 8.5453E-002
 8.4740E-002
 8.3552E-002
 8.3005E-002
 8.3047E-002
 8.2625E-002
 8.1921E-002
 8.0380E-002
 7.9248E-002
 8.0137E-002
 7.9650E-002
 7.6317E-002
 7.7293E-002
 7.6861E-002
 7.6053E-002
 7.6581E-002
 7.5728E-002
 7.5564E-002
 7.5057E-002
 7.3636E-002
 7.2508E-002
 7.2376E-002
 7.2628E-002
 7.1698E-002
 7.1288E-002
 7.0536E-002
 7.0258E-002
 6.9828E-002
 6.8867E-002
 6.7342E-002
 6.7108E-002
 6.7151E-002
 6.6980E-002
 6.7148E-002
 6.4491E-002
 6.4259E-002
 6.4490E-002
 6.3412E-002
 6.4476E-002
 6.3276E-002
 6.2473E-002
 6.2193E-002
 6.2930E-002
 6.2891E-002
 6.1190E-002
 6.1595E-002
 6.1278E-002
 6.1163E-002
 6.0925E-002
 6.0776E-002
 6.2194E-002
 6.2596E-002
 6.1657E-002
 6.2030E-002];
